
使能存储POBC遥测（1s/65535）
eb 90 01 00 01 01 00 00 00 00 00 00 01 00 01 02 00 14 00 00 00 00 00 0e 00 00 00 00 03 34 00 01 ff ff ff ff ff ff 43 8c 02 22
禁止存储POBC遥测
eb 90 01 00 01 01 00 00 00 00 00 00 01 00 01 02 00 14 00 00 00 00 00 0e 00 00 00 00 04 34 00 00 00 00 ff ff ff ff 41 27 e1 ec

使能存储整星状态包（1s/65535）
eb 90 01 00 01 01 00 00 00 00 00 00 01 00 01 02 00 14 00 00 00 00 00 0e 00 00 00 00 03 00 00 01 ff ff ff ff ff ff 02 5f 74 70
禁止存储整星状态包
eb 90 01 00 01 01 00 00 00 00 00 00 01 00 01 02 00 14 00 00 00 00 00 0e 00 00 00 00 04 00 00 00 00 00 ff ff ff ff 00 f4 97 be

运行磁控对日模式
eb 90 01 00 01 01 00 00 00 00 00 00 01 00 7e 34 00 14 00 00 00 00 00 08 00 00 00 00 34 08 aa aa b9 16 42 17



更改说明：
1、主序列中增加使能存储POBC遥测（1s/65535）、使能存储整星状态包（1s/65535）指令；执行时间与姿控K包相差几秒即可；
2、主序列中增加禁止存储整星状态包、禁止存储POBC遥测指令，执行时间放在序列最后；
3、凌晨1点至8点的主序列中，天格试验全部完成后需要运行磁控对日模式；
4、调用的6个bin文件中，去掉使能存储POBC遥测、禁止存储POBC遥测指令。
